--------------Generacion 0--------------
[]
[]
[]
[]
[]
[]
[]
[(36, 26)]
[]
[]
--------------Generacion 1--------------
[]
[]
[(31, 23)]
[]
[]
[(11, 38)]
[(31, 23)]
[]
[(20, 28), (15, 30)]
[]
[]
[]
--------------Generacion 2--------------
[(42, 21)]
[]
[]
[]
[(33, 20)]
[]
[]
[]
[(9, 28)]
[]
[]
[(42, 21)]
--------------Generacion 3--------------
[]
[]
[(44, 22)]
[(44, 22)]
[]
[]
[]
[]
[]
[]
[]
[]
--------------Generacion 4--------------
[(42, 22), (44, 18)]
[]
[]
[]
[]
[(42, 19)]
[(44, 18)]
[]
[(42, 19)]
[(42, 22)]
[]
[]
--------------Generacion 5--------------
[]
[]
[(45, 21)]
[]
[(12, 34)]
[]
[]
[]
[]
[]
[]
[(45, 13)]
--------------Generacion 6--------------
[]
[]
[]
[]
[(35, 23)]
[]
[]
[]
[]
[(37, 17)]
[]
[(37, 17)]
--------------Generacion 7--------------
[]
[(43, 13)]
[]
[(38, 19)]
[(43, 13)]
[(44, 11)]
[(42, 9)]
[]
[(42, 9), (45, 9)]
[]
[(38, 16)]
[(33, 21), (44, 11)]
--------------Generacion 8--------------
[(31, 20)]
[(39, 24)]
[(31, 20)]
[(37, 17)]
[]
[]
[]
[(28, 22)]
[]
[]
[(44, 14), (44, 12)]
[(44, 12)]
--------------Generacion 9--------------
[]
[]
[(40, 18)]
[(38, 19)]
[(34, 21)]
[(30, 22)]
[(45, 19), (40, 18)]
[]
[(42, 22), (42, 22)]
[(40, 18), (45, 19)]
[]
[(38, 19)]
--------------Generacion 10--------------
[(45, 15)]
[]
[]
[]
[]
[]
[]
[]
[]
[]
[]
[]
--------------Generacion 11--------------
[]
[]
[]
[]
[(39, 22)]
[(33, 24)]
[(39, 22)]
[(29, 22), (35, 19), (39, 22)]
[(41, 12)]
[]
[]
[]
--------------Generacion 12--------------
[]
[]
[]
[]
[]
[]
[]
[(28, 23)]
[]
[]
[]
[(35, 19)]
--------------Generacion 13--------------
[(32, 18)]
[]
[]
[(32, 18)]
[]
[]
[]
[]
[]
[]
[]
[]
--------------Generacion 14--------------
[]
[]
[]
[]
[]
[]
[]
[]
[]
[]
[]
[]
--------------Generacion 15--------------
[(42, 20)]
[(34, 23), (37, 19)]
[]
[]
[]
[]
[]
[(44, 21)]
[]
[]
[]
[]
--------------Generacion 16--------------
[]
[(45, 20)]
[(40, 18)]
[(45, 20)]
[]
[(40, 18)]
[]
[(40, 18)]
[(42, 12)]
[(43, 17)]
[]
[]
--------------Generacion 17--------------
[(27, 24)]
[]
[]
[]
[(27, 24)]
[]
[]
[]
[(32, 19), (45, 7)]
[]
[]
[]
--------------Generacion 18--------------
[]
[]
[(45, 8)]
[(35, 24)]
[]
[]
[]
[]
[]
[]
[]
[(35, 24)]
--------------Generacion 19--------------
[]
[]
[]
[]
[]
[]
[]
[(38, 17)]
[]
[]
[]
[]
--------------Generacion 20--------------
[(45, 18)]
[]
[(41, 19), (41, 17)]
[]
[]
[]
[]
[(41, 17)]
[]
[(45, 18), (41, 17), (41, 17)]
[]
[(44, 20), (45, 18), (45, 18)]
--------------Generacion 21--------------
[]
[]
[]
[]
[]
[(41, 12)]
[(41, 12)]
[]
[]
[]
[(42, 13)]
[]
--------------Generacion 22--------------
[]
[]
[(44, 17)]
[]
[]
[]
[]
[(28, 22)]
[]
[(45, 8)]
[]
[]
--------------Generacion 23--------------
[]
[]
[]
[]
[]
[]
[]
[]
[]
[]
[]
[]
--------------Generacion 24--------------
[]
[]
[]
[(42, 8)]
[]
[]
[]
[]
[]
[]
[]
[]
--------------Generacion 25--------------
[(42, 23), (30, 20)]
[]
[]
[]
[]
[]
[]
[]
[(43, 20)]
[]
[]
[]
--------------Generacion 26--------------
[]
[(36, 17)]
[]
[]
[]
[(33, 21)]
[]
[]
[(33, 21)]
[(27, 23)]
[]
[(36, 17)]
--------------Generacion 27--------------
[]
[]
[]
[(41, 24)]
[]
[]
[]
[]
[]
[]
[(41, 24)]
[]
--------------Generacion 28--------------
[]
[]
[(45, 11)]
[]
[]
[]
[]
[]
[]
[]
[]
[]
--------------Generacion 29--------------
[]
[]
[(36, 24)]
[(42, 9)]
[]
[(36, 24)]
[]
[(43, 10)]
[]
[(43, 10)]
[(42, 9)]
[]
